############ HZDR ############
23,  24,  25,  34,  39,  44,  47,  48,  55,  59,
65,  70,  76,  79,  86,  91,  97,  99, 107, 112,
118, 119, 120, 121, 122, 128, 133, 139, 144, 149,
152, 153, 160, 165, 170, 171, 172, 181, 182, 183,
184, 185, 254, 259, 265, 266, 267, 268, 269, 270,
275, 280, 286, 296, 301, 308, 317, 322, 330, 338,
339, 340, 341, 342, 343, 352, 359, 364, 374, 380,
385, 396, 401, 406, 412, 413, 414, 415, 416, 417

############ H ############
67,  68,  69,  77,  78,  79,  88,  89,  90, 98,
99, 100, 109, 110, 111, 119, 120, 121, 130, 131,
132, 140, 141, 142, 151, 152, 153, 161, 162, 163,
172, 173, 174, 182, 183, 184, 193, 194, 195, 196,
197, 198, 199, 200, 201, 202, 203, 204, 205, 214,
215, 216, 217, 218, 219, 220, 221, 222, 223, 224,
225, 226, 235, 236, 237, 238, 239, 240, 241, 242,
243, 244, 245, 246, 247, 256, 257, 258, 266, 267,
268, 277, 278, 279, 287, 288, 289, 298, 299, 300,
308, 309, 310, 319, 320, 321, 329, 330, 331, 340,
341, 342, 350, 351, 352, 361, 362, 363, 371, 372,
373

############ 7x7 DIFFICULT ############
 9, 10, 11, 15, 16, 17, 18,
19, 22, 23, 24, 25, 26, 29,
30, 31, 32, 33, 37, 38, 39

 20,  20,  20,  20,  20,  20,  20,
 20,  20,  10,  20,  50,  20,  20,
 20,  20,  20,  20,  20,  20,  20

############ 7X7 MEDIUM ############
 0,  2,  4,  6, 7,  9, 11, 13,
14, 16, 18, 20, 21, 23, 25, 27,
28, 30, 32, 34, 35, 37, 39, 41,
42, 44, 46, 48

5, 5, 5, 5, 5, 5, 5, 5,
5, 5, 5, 5, 5, 5, 5, 5,
5, 5, 5, 5, 5, 5, 5, 5,
5, 5, 5, 5

############ 7x7 EASY ############
 8, 12, 36, 40

10, 15, 20,  5

############ 21x21 DIFFICULT ############


386, 387, 388, 389, 390, 363, 364, 365, 366, 367,
368, 369, 370, 371, 342, 343, 344, 345, 346, 347,
348, 349, 350, 319, 320, 321, 322, 323, 324, 325,
326, 327, 328, 329, 330, 331, 298, 299, 300, 301,
302, 303, 304, 305, 306, 307, 308, 309, 310, 275,
276, 277, 278, 279, 280, 281, 282, 283, 284, 285,
286, 287, 288, 289, 290, 291, 254, 255, 256, 257,
259, 260, 261, 262, 263, 264, 265, 267, 268, 269,
270, 232, 233, 234, 235, 239, 240, 241, 242, 243,
247, 248, 249, 250, 211, 212, 213, 214, 218, 219,
220, 221, 222, 226, 227, 228, 229, 190, 191, 192,
193, 197, 198, 199, 200, 201, 205, 206, 207, 208,
170, 171, 172, 173, 175, 176, 177, 178, 179, 180,
181, 183, 184, 185, 186, 149, 150, 151, 152, 153,
154, 155, 156, 157, 158, 159, 160, 161, 162, 163,
164, 165, 130, 131, 132, 133, 134, 135, 136, 137,
138, 139, 140, 141, 142, 109, 110, 111, 112, 113,
114, 115, 116, 117, 118, 119, 120, 121,  90,  91,
 92,  93,  94,  95,  96,  97,  98,  69,  70,  71,
 72,  73,  74,  75,  76,  77,  50,  51,  52,  53, 54,


258, 236, 237, 238, 215, 216, 217, 194, 195, 196, 174,
266, 244, 245, 246, 223, 224, 225, 202, 203, 204, 182


20, 20, 20, 20, 20, 20, 20, 20, 20, 20,
20, 20, 20, 20, 20, 20, 20, 20, 20, 20,
20, 20, 20, 20, 20, 20, 20, 20, 20, 20,
20, 20, 20, 20, 20, 20, 20, 20, 20, 20,
20, 20, 20, 20, 20, 20, 20, 20, 20, 20,
20, 20, 20, 20, 20, 20, 20, 20, 20, 20,
20, 20, 20, 20, 20, 20, 20, 20, 20, 20,
20, 20, 20, 20, 20, 20, 20, 20, 20, 20,
20, 20, 20, 20, 20, 20, 20, 20, 20, 20,
20, 20, 20, 20, 20, 20, 20, 20, 20, 20,
20, 20, 20, 20, 20, 20, 20, 20, 20, 20,
20, 20, 20, 20, 20, 20, 20, 20, 20, 20,
20, 20, 20, 20, 20, 20, 20, 20, 20, 20,
20, 20, 20, 20, 20, 20, 20, 20, 20, 20,
20, 20, 20, 20, 20, 20, 20, 20, 20, 20,
20, 20, 20, 20, 20, 20, 20, 20, 20, 20,
20, 20, 20, 20, 20, 20, 20, 20, 20, 20,
20, 20, 20, 20, 20, 20, 20, 20, 20, 20,
20, 20, 20, 20, 20, 20, 20, 20, 20, 20,
20, 20, 20, 20, 20, 20, 20, 20, 20, 20, 20,

10, 10, 10, 10, 10, 10, 10, 10, 10, 10, 10,
50, 50, 50, 50, 50, 50, 50, 50, 50, 50, 50

############ 21x21 MEDIUM ############
0,   2,   4,   6,   8,  10,  12,  14,  16,  18,  20,
21,  23,  25,  27,  29,  31,  33,  35,  37,  39,  41,
42,  44,  46,  48,  50,  52,  54,  56,  58,  60,  62,
63,  65,  67,  69,  71,  73,  75,  77,  79,  81,  83,
84,  86,  88,  90,  92,  94,  96,  98, 100, 102, 104,
105, 107, 109, 111, 113, 115, 117, 119, 121, 123, 125,
126, 128, 130, 132, 134, 136, 138, 140, 142, 144, 146,
147, 149, 151, 153, 155, 157, 159, 161, 163, 165, 167,
168, 170, 172, 174, 176, 178, 180, 182, 184, 186, 188,
189, 191, 193, 195, 197, 199, 201, 203, 205, 207, 209,
210, 212, 214, 216, 218, 220, 222, 224, 226, 228, 230,
231, 233, 235, 237, 239, 241, 243, 245, 247, 249, 251,
252, 254, 256, 258, 260, 262, 264, 266, 268, 270, 272,
273, 275, 277, 279, 281, 283, 285, 287, 289, 291, 293,
294, 296, 298, 300, 302, 304, 306, 308, 310, 312, 314,
315, 317, 319, 321, 323, 325, 327, 329, 331, 333, 335,
336, 338, 340, 342, 344, 346, 348, 350, 352, 354, 356,
357, 359, 361, 363, 365, 367, 369, 371, 373, 375, 377,
378, 380, 382, 384, 386, 388, 390, 392, 394, 396, 398,
399, 401, 403, 405, 407, 409, 411, 413, 415, 417, 419,
420, 422, 424, 426, 428, 430, 432, 434, 436, 438, 440

5, 5, 5, 5, 5, 5, 5, 5, 5, 5, 5,
5, 5, 5, 5, 5, 5, 5, 5, 5, 5, 5,
5, 5, 5, 5, 5, 5, 5, 5, 5, 5, 5,
5, 5, 5, 5, 5, 5, 5, 5, 5, 5, 5,
5, 5, 5, 5, 5, 5, 5, 5, 5, 5, 5,
5, 5, 5, 5, 5, 5, 5, 5, 5, 5, 5,
5, 5, 5, 5, 5, 5, 5, 5, 5, 5, 5,
5, 5, 5, 5, 5, 5, 5, 5, 5, 5, 5,
5, 5, 5, 5, 5, 5, 5, 5, 5, 5, 5,
5, 5, 5, 5, 5, 5, 5, 5, 5, 5, 5,
5, 5, 5, 5, 5, 5, 5, 5, 5, 5, 5,
5, 5, 5, 5, 5, 5, 5, 5, 5, 5, 5,
5, 5, 5, 5, 5, 5, 5, 5, 5, 5, 5,
5, 5, 5, 5, 5, 5, 5, 5, 5, 5, 5,
5, 5, 5, 5, 5, 5, 5, 5, 5, 5, 5,
5, 5, 5, 5, 5, 5, 5, 5, 5, 5, 5,
5, 5, 5, 5, 5, 5, 5, 5, 5, 5, 5,
5, 5, 5, 5, 5, 5, 5, 5, 5, 5, 5,
5, 5, 5, 5, 5, 5, 5, 5, 5, 5, 5,
5, 5, 5, 5, 5, 5, 5, 5, 5, 5, 5,
5, 5, 5, 5, 5, 5, 5, 5, 5, 5, 5

############ 21x21 EASY ############
 45,  45,  65,  66,  59,  60,  80,  81,
359, 360, 380, 381, 374, 375, 395, 396

 10,  10,  10,  10,  15,  15,  15,  15,
 20,  20,  20,  20,   5,   5,   5,   5
